(498 303)
(846 233)
(334 117)
(886 213)
(343 197)
(33 616)
(757 847)
(927 553)
(589 387)
(865 934)
(804 792)
(620 348)
(584 827)
(381 633)
do()
(643 715)
(465 37)
(742 669)
(519 650)
(546 337)
(769 202)
(808 254)
(71 204)
(150 335)
(302 220)
don't()
(385 231)
(852 324)
(838 178)
(579 121)
(810 214)
don't()
(273 606)
(788 896)
don't()
(568 713)
(404 402)
(931 692)
(815 388)
(492 448)
(962 335)
(390 36)
(984 787)
(209 744)
(929 15)
(751 670)
(821 742)
(445 950)
(174 953)
(529 661)
(513 442)
(941 152)
(468 787)
(497 717)
(930 672)
(313 480)
(407 85)
(776 808)
(373 713)
(420 163)
(666 491)
do()
(823 835)
(728 808)
(38 577)
(985 224)
(31 270)
(233 598)
(326 395)
don't()
(730 832)
(628 729)
(332 18)
(908 439)
(185 715)
(895 903)
(367 623)
(362 189)
(571 203)
(615 719)
(663 163)
(93 614)
(490 261)
(530 933)
don't()
(134 307)
(657 957)
(969 590)
(534 951)
(573 576)
(810 772)
(334 140)
(36 336)
don't()
(894 946)
(633 59)
(335 809)
(654 481)
(17 334)
(886 695)
(954 476)
(73 181)
(326 125)
(945 965)
(346 328)
(603 626)
(527 536)
do()
(914 232)
(116 640)
(44 854)
(919 687)
(70 882)
(96 388)
(240 319)
(524 524)
(124 571)
(727 591)
(481 435)
(245 145)
(943 836)
(703 555)
(923 88)
(908 970)
don't()
(199 227)
(540 629)
(167 775)
(275 320)
(911 818)
(368 63)
(649 499)
do()
(569 139)
(701 8)
(288 867)
(819 789)
(180 466)
(766 269)
(883 183)
(827 216)
(670 899)
do()
(462 887)
(754 83)
(712 726)
(591 638)
(205 289)
(611 153)
(996 964)
(359 517)
don't()
(716 400)
(359 667)
(361 744)
(83 482)
(612 903)
(273 252)
(656 57)
(20 332)
(701 637)
(648 774)
(313 368)
(576 9)
(659 543)
(15 604)
don't()
(959 4)
(787 874)
(133 880)
(898 168)
(843 146)
(870 481)
(379 965)
(63 665)
(543 711)
(535 403)
(603 306)
(22 75)
(715 646)
(56 345)
(281 647)
(690 172)
(512 128)
(509 250)
(576 621)
(977 718)
(179 326)
(735 639)
(971 82)
don't()
(285 677)
(891 918)
(746 775)
(651 55)
do()
(653 737)
(450 954)
don't()
(82 395)
(757 278)
(812 129)
(153 205)
(844 143)
don't()
(779 50)
don't()
(819 958)
do()
(382 411)
(262 685)
(232 847)
(63 282)
(737 540)
don't()
(778 85)
(809 798)
(551 122)
(346 544)
(424 338)
don't()
(587 975)
(800 437)
(603 103)
(285 453)
don't()
(399 137)
(146 316)
(687 295)
(347 287)
(400 956)
(743 166)
(267 700)
(888 527)
(779 914)
(337 111)
(457 594)
(328 728)
(387 58)
(157 49)
(35 606)
(451 146)
(977 491)
(916 789)
don't()
(437 605)
(626 940)
(884 929)
(84 192)
(111 274)
(593 249)
(230 390)
(840 931)
(421 658)
(34 90)
(956 881)
(94 737)
(816 357)
(888 358)
(454 208)
(136 496)
(897 490)
(376 325)
(219 353)
(659 921)
(224 414)
(91 818)
do()
(217 631)
(28 181)
(949 185)
(736 902)
(877 853)
(953 618)
(378 46)
(138 440)
(387 205)
(285 757)
(708 59)
(830 439)
(468 479)
(279 437)
(276 252)
(596 842)
(873 817)
(765 528)
(592 403)
(647 574)
(423 736)
(666 851)
(410 586)
(519 320)
(531 672)
(627 262)
(791 814)
(990 764)
(5 111)
(492 492)
(999 416)
(722 457)
(221 679)
(241 314)
(940 32)
(215 275)
(567 83)
(330 717)
(611 308)
(377 16)
(757 897)
(404 155)
don't()
(204 894)
(34 307)
(794 115)
(515 433)
(529 684)
(956 914)
(645 179)
(400 263)
(422 526)
don't()
(326 211)
(995 210)
(394 185)
(348 18)
(505 325)
(459 604)
(579 481)
(135 794)
(453 355)
(443 346)
do()
(136 26)
(108 341)
don't()
(541 941)
(314 260)
(250 620)
(612 209)
(661 597)
(563 594)
(683 595)
(287 255)
(345 555)
(681 924)
(189 542)
(102 360)
(874 55)
(538 354)
(277 851)
(268 251)
(139 820)
(775 595)
(644 487)
(112 571)
(835 137)
(201 460)
(934 320)
don't()
(66 8)
(465 911)
don't()
(951 775)
(78 456)
(144 347)
(660 565)
(738 761)
(514 849)
(904 440)
(47 20)
(113 81)
(504 712)
(720 642)
(821 613)
(597 943)
(999 17)
(920 227)
(301 278)
(283 204)
(861 903)
(112 180)
(121 398)
(363 850)
(551 325)
(341 114)
(611 400)
(874 416)
(988 626)
(597 791)
(160 184)
(332 928)
(810 730)
(828 831)
(70 967)
do()
(16 675)
don't()
(446 260)
(517 657)
do()
(370 491)
(451 243)
(459 272)
(200 312)
(997 25)
(553 783)
(779 661)
(252 997)
(439 801)
(385 635)
(563 131)
(720 10)
(24 633)
(103 646)
(331 217)
(288 357)
(513 580)
(318 287)
(88 924)
(180 327)
(766 852)
(758 342)
(354 76)
don't()
(371 236)
do()
(334 640)
(894 120)
do()
(433 887)
(84 915)
(264 790)
(78 811)
(407 891)
(56 769)
(978 770)
(970 37)
(357 272)
(57 890)
(146 967)
(166 279)
(24 319)
don't()
(858 696)
(622 496)
(904 891)
(618 932)
(77 889)
(206 797)
(114 405)
(841 73)
do()
(839 475)
(597 209)
(972 784)
(436 10)
do()
(580 7)
(844 208)
(353 253)
(698 22)
(260 416)
(214 946)
do()
(718 383)
(803 383)
(568 612)
don't()
(222 279)
(758 766)
(974 879)
don't()
(368 975)
(153 172)
(97 652)
do()
(155 627)
(466 775)
(834 395)
don't()
(329 300)
(469 14)
do()
(585 898)
(128 392)
(979 827)
(637 26)
(443 856)
(768 590)
(716 399)
(754 670)
(656 266)
(595 874)
(702 835)
(421 278)
(842 496)
(282 851)
(543 112)
(133 862)
(513 202)
(716 648)
(793 735)
(359 127)
(116 988)
(153 16)
(441 603)
(877 856)
(447 557)
(189 616)
(822 616)
(454 622)
do()
(353 679)
(414 440)
(402 532)
(895 294)
(883 415)
(28 253)
(633 240)
(649 701)
(126 903)
(587 84)
(911 475)
do()
(370 958)
(259 972)
(650 381)
(72 307)
(585 731)
(272 301)
(884 335)
do()
(786 141)
(470 537)
(341 864)
(706 447)
(601 925)
(799 568)
(169 116)
(447 48)
(643 718)
(622 397)
(410 76)
(951 998)
(954 766)
do()
(126 104)
(777 781)
(138 32)
(604 605)
(457 205)
(968 111)
(185 427)
(589 783)
(414 93)
(16 757)
(629 760)
(951 329)
(781 711)
(661 844)
(337 134)
(339 829)
(696 374)
(640 944)
(930 104)
(347 404)
(316 524)
(875 937)
don't()
(833 846)
(190 362)
(183 740)
(14 502)
(752 588)
(817 369)
(787 226)
(341 888)
(668 734)
do()
(123 983)
(159 440)
(437 830)
(36 75)
(836 766)
(548 488)
do()
(58 505)
(131 644)
(11 884)
(358 741)
(232 817)
(452 48)
do()
(117 14)
(847 203)
(592 204)
don't()
(212 912)
(73 318)
(971 304)
(64 983)
(678 247)
(878 222)
(677 415)
(91 507)
(935 477)
(556 85)
(196 674)
(531 124)
(67 663)
(205 527)
(963 914)
(456 909)
(947 805)
(154 935)
(855 799)
(823 352)
do()
(623 916)
(815 135)
(464 34)
(223 241)
(595 176)
(707 895)
(50 471)
(131 929)
(45 134)
(755 746)
(592 378)
(88 624)
(394 600)
(139 515)
(531 61)
(184 632)
(675 164)
(360 852)
(875 801)
(702 746)
(29 632)
(720 687)
(431 415)
(655 184)
(323 687)
(474 75)
(846 335)
do()
(446 300)
(423 746)
don't()
(231 901)
(580 914)
(325 335)
(97 85)
(138 378)
(232 238)
(855 527)
do()
(853 840)
(974 262)
(85 995)
(883 291)
(218 597)
(920 414)
(263 33)
(959 544)
(730 399)
(799 976)
do()
(47 623)
(36 132)
don't()
(433 783)
do()
(620 968)
(826 251)
(953 890)
(651 483)
do()
(818 404)
(750 606)
(909 386)
(208 481)
(793 351)
(42 668)
do()
(85 533)
do()
(952 914)
(960 931)
(829 638)
(661 694)
(268 185)
do()
(657 833)
(415 876)
(437 971)
(884 392)
(183 497)
(204 743)
(892 574)
(922 854)
(551 303)
(261 657)
(979 380)
(384 303)
(479 548)
do()
(966 387)
(183 849)
(669 375)
(323 459)
(789 390)
(804 927)
(102 842)
(380 252)
(244 943)
(727 613)
(807 274)
(577 489)
(731 223)
(359 604)
(182 17)
(792 962)
(997 718)
(7 739)
(800 703)
(345 374)
(308 927)
(233 785)
(208 457)
(347 911)
(492 896)
(211 499)
(12 519)
(158 834)
(807 360)
do()
(948 682)
(930 691)
(600 425)
(844 671)
(124 928)
(194 634)
(402 954)
(256 694)
don't()
(797 748)
don't()
(44 366)
(957 373)
(956 708)
do()
(381 888)
(423 132)
(225 981)
(840 611)
(763 490)
(852 987)
(680 776)
(436 532)
(28 580)
(446 155)
(749 494)
(24 97)
(631 323)
(192 700)
(820 765)
(702 770)
(438 245)
(554 294)
(34 410)
(585 680)
(295 437)
(607 28)
do()
(96 932)
(271 645)
(411 161)
do()
(41 299)
(942 465)
(70 415)
(682 699)
(473 999)
(676 919)
(119 628)
(740 385)
(444 907)
don't()
(389 212)
(210 340)
(80 124)
(240 258)
(579 916)
(584 139)
